HeadWord,CollocateWord,R1,C1,O_11,MutualInfo,DeltaP1,DeltaP2
"('group', 'NN')","('pressure', 'NN')",2178,6337,151,4.1143613585666925,0.06854409732565121,0.023570764263570958
"('group', 'NN')","('peer', 'NN')",323,6337,57,4.09701252841399,0.17567327604072153,0.008960995179155433
"('group', 'NN')","('age', 'NN')",2171,6337,127,3.965412957857604,0.05770977785686795,0.01978132323733599
"('group', 'NN')","('steering', 'NN')",47,6337,17,3.883265324220941,0.36089976515905237,0.0026788456822440586
"('group', 'NN')","('minority', 'NN')",378,6337,43,3.783910450722058,0.11295751853452775,0.006742980930027356
"('group', 'NN')","('lie', 'NN')",165,6337,26,3.70692809112784,0.15677452567695221,0.0040852268017721495
"('group', 'NN')","('control', 'NN')",3380,6337,98,3.548000790507445,0.028201668477253247,0.015047728052522892
"('group', 'NN')","('methyl', 'NN')",53,6337,12,3.528551961894571,0.22561209644696842,0.0018884311641870738
"('group', 'NN')","('member', 'NN')",2250,6337,66,3.3813706923724856,0.02853696895072082,0.010137529183226706
"('group', 'NN')","('interest', 'NN')",2940,6337,73,3.3527637292288652,0.024034386822426763,0.011155372512688331
"('group', 'NN')","('hotel', 'NN')",1071,6337,41,3.290243582007726,0.037482559977171204,0.006339069175908776
"('group', 'NN')","('intervention', 'NN')",832,6337,35,3.262478101809938,0.041267150657363104,0.005421853324072051
"('group', 'NN')","('focus', 'NN')",923,6337,35,3.2173997270747496,0.037119660372030516,0.005410291086644428
"('group', 'NN')","('size', 'NN')",1831,6337,47,3.175972710969849,0.024870298592199767,0.007190088042033503
"('group', 'NN')","('individual', 'NN')",2934,6337,58,3.1538612170187212,0.01897078490839933,0.008787178339816968
"('group', 'NN')","('syndicate', 'NN')",15,6337,4,3.1224940630003544,0.265862657003316,0.0006298158748734237
"('group', 'NN')","('phosphate', 'NN')",143,6337,12,3.097491794030298,0.08311307684822519,0.0018769959843136003
"('group', 'NN')","('amino', 'NN')",113,6337,10,3.0413868959166908,0.08769231729749372,0.0015649468418452567
"('group', 'NN')","('target', 'NN')",1090,6337,31,3.039762229128032,0.02763967583356058,0.004757350736915758
"('group', 'NN')","('cohesiveness', 'NN')",11,6337,3,3.0073151636812105,0.2719231365167043,0.0004723936705436053
"('group', 'NN')","('rotation', 'NN')",404,6337,18,2.9986289844961176,0.04375218353948413,0.0027914165699590306
"('group', 'NN')","('discussion', 'NN')",1073,6337,29,2.9886616132320714,0.026226083671168327,0.004443649846243468
"('group', 'NN')","('sub', 'NN')",538,6337,19,2.921190265639379,0.034513826538863514,0.0029323212922493878
"('group', 'NN')","('norm', 'NN')",495,6337,18,2.910405150673154,0.03556135518839792,0.0027798543325314074
"('group', 'NN')","('nomad', 'NN')",14,6337,3,2.9025798131611973,0.21348157776887716,0.0004720124978811562
"('group', 'NN')","('pi', 'NN')",53,6337,5,2.768129478471359,0.09353573605553528,0.0007829181223621523
"('group', 'NN')","('lobbying', 'NN')",21,6337,3,2.726488554105516,0.1420530056256779,0.0004711230950021082
"('group', 'NN')","('group', 'NN')",6337,6337,51,2.7077219844707434,0.007249288441220597,0.007249288441220597
"('group', 'NN')","('work', 'NN')",4080,6337,39,2.6659343903632293,0.008758844462493733,0.005640892126379475
"('group', 'NN')","('exporting', 'NN')",3,6337,1,2.617344084680448,0.3325289440287149,0.00015754926188396822
"('group', 'NN')","('membership', 'NN')",245,6337,9,2.6137842739142276,0.035931295533023905,0.001390244810151078
"('group', 'NN')","('leader', 'NN')",857,6337,16,2.569724482788762,0.017867206307732246,0.002417998628836379
"('group', 'NN')","('polarization', 'NN')",84,6337,5,2.5681260620102666,0.058719919774013224,0.0007789793381835114
"('group', 'NN')","('sex', 'NN')",866,6337,16,2.5651874126946135,0.017673177671598737,0.0024168551108490316
"('group', 'NN')","('stakeholder', 'NN')",279,6337,9,2.557346155005163,0.03145466270362509,0.001385924853309988
"('group', 'NN')","('working', 'NN')",715,6337,14,2.532415368955506,0.018777608127856497,0.002120179932432803
"('group', 'NN')","('noun', 'NN')",245,6337,8,2.511479229019465,0.031849535920679406,0.0012323143756046606
"('group', 'NN')","('blueberry', 'NN')",16,6337,2,2.492405348072148,0.12419573632339144,0.00031382794822643935
"('group', 'NN')","('artist', 'NN')",205,6337,7,2.47290755837287,0.03334269328154486,0.0010794662432242318
"('group', 'NN')","('performance', 'NN')",2376,6337,23,2.4420745751261403,0.008878296828155928,0.003330511245907897
"('group', 'NN')","('activity', 'NN')",2672,6337,24,2.4280513690198147,0.00818029493226786,0.0034508326444260017
"('group', 'NN')","('protest', 'NN')",179,6337,6,2.3979148091875047,0.03271578058530977,0.0009248393050857067
"('group', 'NN')","('cleric', 'NN')",5,6337,1,2.395495335064092,0.19919561049113846,0.0001572951467756688
"('group', 'NN')","('engineering', 'NN')",321,6337,8,2.394140280979126,0.02411858532303736,0.001222658001489283
"('group', 'NN')","('process', 'NN')",5622,6337,33,2.3816023778844637,0.005068899162333547,0.0044973867706021246
"('group', 'NN')","('quotient', 'NN')",21,6337,2,2.3743060359941537,0.0944338310509575,0.00031319266045569085
"('group', 'NN')","('treatment', 'NN')",1804,6337,18,2.3487738164008,0.009175412518494724,0.002613535994149442
"('group', 'NN')","('friendship', 'NN')",202,6337,6,2.345416470720774,0.028899195462659878,0.0009219169813402634
"('group', 'NN')","('interaction', 'NN')",1287,6337,15,2.3370693106070863,0.010852268870078282,0.0022054334460055885
"('group', 'NN')","('solidarity', 'NN')",145,6337,5,2.3310373458371734,0.03367886264523514,0.0007712288273803794
"('group', 'NN')","('toddler', 'NN')",6,6337,1,2.316314089016467,0.1658622770556835,0.0001571680892215191
"('group', 'NN')","('chimpanzee', 'NN')",300,6337,7,2.307540164708962,0.022529675458489145,0.0010673957755800096
"('group', 'NN')","('meeting', 'NN')",516,6337,9,2.290300656651549,0.016638434477942148,0.0013558122129765076
"('group', 'NN')","('activist', 'NN')",106,6337,4,2.2732794567912653,0.03693183010445642,0.0006182536374458005
"('group', 'NN')","('sabotage', 'NN')",7,6337,1,2.249367299385854,0.14205275314403804,0.0001570410316673694
"('group', 'NN')","('reference', 'NN')",1014,6337,12,2.246789876498043,0.011031223652343403,0.0017663288546492062
"('group', 'NN')","('support', 'NN')",1651,6337,15,2.2289007842486797,0.008282622897337487,0.0021591844962950955
"('group', 'NN')","('producer', 'NN')",362,6337,7,2.2259528488954587,0.018533352373674154,0.0010595182072227279
"('group', 'NN')","('dissemination', 'NN')",35,6337,2,2.1524572863777975,0.056338591526234244,0.00031141385469759495
"('group', 'NN')","('crossover', 'NN')",35,6337,2,2.1524572863777975,0.056338591526234244,0.00031141385469759495
"('group', 'NN')","('help', 'NN')",441,6337,7,2.1402228299607855,0.015069343611325964,0.001049480660444901
"('group', 'NN')","('spur', 'NN')",9,6337,1,2.1402228299607855,0.11030672119376293,0.00015678691655906997
"('group', 'NN')","('effectiveness', 'NN')",445,6337,7,2.1363014084476926,0.014926664408816797,0.0010489724302283022
"('group', 'NN')","('project', 'NN')",3334,6337,19,2.129006945813782,0.004896416776213038,0.0025770683708468095
"('group', 'NN')","('welfare', 'NN')",594,6337,8,2.1268588684028042,0.012664452559391637,0.0011879712892064133
"('group', 'NN')","('client', 'NN')",762,6337,9,2.1209953869391596,0.011007572540638656,0.00132455605465568
"('group', 'NN')","('breeding', 'NN')",87,6337,3,2.1091885962208172,0.033678614651242555,0.0004627372964282276
"('group', 'NN')","('slaughter', 'NN')",39,6337,2,2.1054607237015737,0.050477785257003124,0.00031090562448099615
"('group', 'NN')","('structure', 'NN')",3568,6337,19,2.0995476956016828,0.004522644806451167,0.0025473369031757784
"('group', 'NN')","('family', 'NN')",2224,6337,15,2.0995130746014534,0.005941766012651257,0.002086380517767314
"('group', 'NN')","('class', 'NN')",3258,6337,18,2.092059269634232,0.004722299164508286,0.0024287943104157697
"('group', 'NN')","('outsider', 'NN')",96,6337,3,2.066436615799867,0.030445855111728405,0.0004615937784408803
"('group', 'NN')","('partisanship', 'NN')",11,6337,1,2.053072654241886,0.09010470078749927,0.00015653280145077057
"('group', 'NN')","('status', 'NN')",1333,6337,11,2.0524205603027017,0.007448807634761886,0.0015678670603290327
"('group', 'NN')","('session', 'NN')",291,6337,5,2.0285123590862413,0.016378219707590604,0.0007526784244745223
"('group', 'NN')","('donor', 'NN')",192,6337,4,2.0152840933524856,0.02002930560256544,0.0006073266877889258
"('group', 'NN')","('descent', 'NN')",51,6337,2,1.9889551546301367,0.038411419024183366,0.00030938093383119965
"('group', 'NN')","('peptide', 'NN')",51,6337,2,1.9889551546301367,0.038411419024183366,0.00030938093383119965
"('group', 'NN')","('consumer', 'NN')",1858,6337,12,1.9837821218377374,0.005655375642252767,0.0016590922789468544
"('group', 'NN')","('core', 'NN')",654,6337,7,1.969083671104357,0.009899669918386226,0.0010224174014110137
"('group', 'NN')","('head', 'NN')",875,6337,8,1.9586372603616844,0.008339267564457896,0.001152268116490346
"('group', 'NN')","('assignment', 'NN')",345,6337,5,1.9545862529988742,0.013688837235063363,0.0007458173165504381
"('group', 'NN')","('conservationist', 'NN')",14,6337,1,1.9483373037218727,0.07062418100061439,0.00015615162878832145
"('group', 'NN')","('symmetry', 'NN')",58,6337,2,1.9330973371651357,0.03367849065561583,0.0003084915309521517
"('group', 'NN')","('procurement', 'NN')",59,6337,2,1.925673319085929,0.03309403701756507,0.000308364473398002
"('group', 'NN')","('domestication', 'NN')",15,6337,1,1.9183740803444294,0.06586227613658778,0.00015602457123417175
"('group', 'NN')","('identity', 'NN')",1295,6337,9,1.8906805898614898,0.0061463014921789745,0.0012568343782938867
"('group', 'NN')","('cholesterol', 'NN')",68,6337,2,1.8640164180218368,0.02860749571973863,0.00030722095541065465
"('group', 'NN')","('person', 'NN')",2135,6337,11,1.8478528303555177,0.004348887635190382,0.0014659669019009684
"('group', 'NN')","('ditch', 'NN')",71,6337,2,1.8452669820089975,0.027364744792041845,0.00030683978274820555
"('group', 'NN')","('income', 'NN')",1254,6337,8,1.8023477768893001,0.0055759570768241055,0.0011041133034676073
"('group', 'NN')","('matrix', 'NN')",706,6337,6,1.801963139115594,0.007694757300499756,0.0008578799740488116
"('group', 'NN')","('militia', 'NN')",20,6337,1,1.7934353437361295,0.04919560895931148,0.0001553892834634232
"('group', 'NN')","('harem', 'NN')",20,6337,1,1.7934353437361295,0.04919560895931148,0.0001553892834634232
"('group', 'NN')","('population', 'NN')",2470,6337,11,1.7845537564568952,0.0036500699297034806,0.001423402621260817
"('group', 'NN')","('decision', 'NN')",2947,6337,12,1.783447695645435,0.003268644532105346,0.0015207266024778244
"('group', 'NN')","('business', 'NN')",3621,6337,13,1.7635235191967726,0.002786933676248498,0.0015930202455273397
"('group', 'NN')","('bachelor', 'NN')",22,6337,1,1.7520426585779045,0.044650154209612894,0.0001551351683551238
"('group', 'NN')","('risk', 'NN')",2211,6337,10,1.7498765968213967,0.0037193684103299365,0.0012983800932391733
"('group', 'NN')","('racism', 'NN')",202,6337,3,1.7433564793928118,0.014047329438374516,0.0004481256777010114
"('group', 'NN')","('race', 'NN')",580,6337,5,1.7289773545092109,0.00781674928083482,0.0007159587913252572
"('group', 'NN')","('director', 'NN')",372,6337,4,1.728042382174138,0.009948642066797655,0.0005844563280419787
"('group', 'NN')","('community', 'NN')",2344,6337,10,1.7245077320540576,0.003462726099979843,0.0012814814385372624
"('group', 'NN')","('culture', 'NN')",2869,6337,11,1.7195201614705624,0.0030306764569989126,0.001372706657155084
"('group', 'NN')","('contraception', 'NN')",24,6337,1,1.7142540976885046,0.04086227521748996,0.00015488105324682437
"('group', 'NN')","('sample', 'NN')",2914,6337,11,1.7127611622825893,0.0029714632230106366,0.0013669890672183473
"('group', 'NN')","('organization', 'NN')",2928,6337,11,1.7106796373302064,0.002953412505414767,0.0013652102614602514
"('group', 'NN')","('study', 'NN')",4264,6337,13,1.6925348479952684,0.0022454800969009215,0.0015113222382090786
"('group', 'NN')","('force', 'NN')",2580,6337,10,1.6828456334368804,0.003072459406646669,0.0012514958557579318
"('group', 'NN')","('acid', 'NN')",953,6337,6,1.6716749395290715,0.005492056181707518,0.0008264967581738342
"('group', 'NN')","('collar', 'NN')",27,6337,1,1.6631015752411233,0.036232645281493926,0.00015449988058437527
"('group', 'NN')","('slum', 'NN')",27,6337,1,1.6631015752411233,0.036232645281493926,0.00015449988058437527
"('group', 'NN')","('tour', 'NN')",109,6337,2,1.6590988327874494,0.017544350680653596,0.0003020115956905167
"('group', 'NN')","('campaign', 'NN')",443,6337,4,1.6521815958329658,0.008225292019273618,0.0005754352416973495
"('group', 'NN')","('staging', 'NN')",28,6337,1,1.6473073080578915,0.03490989385662041,0.00015437282303022555
"('group', 'NN')","('gypsy', 'NN')",28,6337,1,1.6473073080578915,0.03490989385662041,0.00015437282303022555
"('group', 'NN')","('blood', 'NN')",1039,6337,6,1.6341522926102205,0.004970923189571427,0.0008155698085169595
"('group', 'NN')","('cohesion', 'NN')",116,6337,2,1.6320673415011546,0.0164371054230295,0.00030112219281146874
"('group', 'NN')","('insulation', 'NN')",29,6337,1,1.6320673415011546,0.03367836666090214,0.00015424576547607585
"('group', 'NN')","('purchasing', 'NN')",117,6337,2,1.6283394689819115,0.016289743104593395,0.00030099513525731904
"('group', 'NN')","('insider', 'NN')",118,6337,2,1.6246433234219475,0.016144878450840776,0.00030086807770316935
"('group', 'NN')","('terminal', 'NN')",118,6337,2,1.6246433234219475,0.016144878450840776,0.00030086807770316935
"('group', 'NN')","('chain', 'NN')",744,6337,5,1.6208324125262696,0.005916472993026984,0.0006951213524447054
"('group', 'NN')","('website', 'NN')",747,6337,5,1.6190847462567495,0.005889483007651316,0.0006947401797822563
"('group', 'NN')","('subsection', 'NN')",30,6337,1,1.617344084680448,0.032528941271423584,0.00015411870792192615
"('group', 'NN')","('association', 'NN')",764,6337,5,1.6093119894964585,0.005740543461770249,0.0006925802013617113
"('group', 'NN')","('level', 'NN')",6185,6337,14,1.5953817067914473,0.001460171424957946,0.0014251751112339109
"('group', 'NN')","('institution', 'NN')",1139,6337,6,1.5942441160882974,0.004463908290332302,0.0008028640531019889
"('group', 'NN')","('presentation', 'NN')",516,6337,4,1.585935620428824,0.006947877179064111,0.000566160040244421
"('group', 'NN')","('ancestry', 'NN')",33,6337,1,1.5759513995222232,0.029498637934753682,0.00015373753525947702
"('group', 'NN')","('suture', 'NN')",34,6337,1,1.5629864223578556,0.028607372235483385,0.00015361047770532732
"('group', 'NN')","('permutation', 'NN')",34,6337,1,1.5629864223578556,0.028607372235483385,0.00015361047770532732
"('group', 'NN')","('student', 'NN')",1686,6337,7,1.5578038491399007,0.003348039354577553,0.000891294005528517
"('group', 'NN')","('therapy', 'NN')",312,6337,3,1.5545532548209928,0.008811217674695166,0.00043414934674454377
"('group', 'NN')","('umbrella', 'NN')",35,6337,1,1.550397295049835,0.027767035998907234,0.00015348342015117762
"('group', 'NN')","('synergy', 'NN')",35,6337,1,1.550397295049835,0.027767035998907234,0.00015348342015117762
"('group', 'NN')","('fellow', 'NN')",36,6337,1,1.5381628386328234,0.026973385103134045,0.00015335636259702792
"('group', 'NN')","('spin', 'NN')",147,6337,2,1.529207995979897,0.012801165124183682,0.00029718340863282784
"('group', 'NN')","('opposition', 'NN')",332,6337,3,1.5275697651353992,0.00823197559567208,0.0004316081956615496
"('group', 'NN')","('turnover', 'NN')",334,6337,3,1.5249613820278711,0.008177866741306796,0.0004313540805532502
"('group', 'NN')","('end', 'NN')",2378,6337,8,1.524433463101325,0.0025604286120095424,0.0009613006126033376
"('group', 'NN')","('sheet', 'NN')",339,6337,3,1.5185081506363534,0.008045387824797167,0.00043071879278250167
"('group', 'NN')","('allocation', 'NN')",153,6337,2,1.5118338999104741,0.012267617759494063,0.00029642106330792965
"('group', 'NN')","('kin', 'NN')",39,6337,1,1.5034007323736114,0.02483663266001457,0.0001529751899345788
"('group', 'NN')","('customer', 'NN')",3317,6337,9,1.482204886759278,0.0019095833388796946,0.000999924003803181
"('group', 'NN')","('tail', 'NN')",164,6337,2,1.481681482680375,0.011390843162672849,0.00029502343021228284
"('group', 'NN')","('consumerism', 'NN')",41,6337,1,1.481681482680375,0.023585850717182933,0.00015272107482627937
"('group', 'NN')","('gender', 'NN')",1485,6337,6,1.4790413865141667,0.0032364982595329346,0.0007589021393661906
"('group', 'NN')","('government', 'NN')",3390,6337,9,1.4727506600756783,0.0018511479975017201,0.0009906488023502524
"('group', 'NN')","('berry', 'NN')",42,6337,1,1.4712160490022101,0.023005130522145166,0.00015259401727212967
"('group', 'NN')","('conservation', 'NN')",379,6337,3,1.470068638871363,0.00711139350105336,0.0004256364906165134
"('group', 'NN')","('department', 'NN')",680,6337,4,1.466076409349799,0.005078275393210509,0.0005453226013638692
"('group', 'NN')","('additive', 'NN')",43,6337,1,1.4609968838205243,0.022451420563987152,0.00015246695971797997
"('group', 'NN')","('esteem', 'NN')",178,6337,2,1.446105328419179,0.010431674838096051,0.000293244624454187
"('group', 'NN')","('company', 'NN')",4458,6337,10,1.4453252752558918,0.0014394570984360038,0.0010128817690647838
"('group', 'NN')","('consultation', 'NN')",181,6337,2,1.4388467558588884,0.010245443232492322,0.00029286345179173784
"('group', 'NN')","('composition', 'NN')",408,6337,3,1.4380476857495557,0.006548764434318294,0.00042195182154617197
"('group', 'NN')","('prevention', 'NN')",182,6337,2,1.4364539427429983,0.010184730362487173,0.00029273639423758814
"('group', 'NN')","('formation', 'NN')",744,6337,4,1.427012386510157,0.0045722600041946185,0.000537190917898288
"('group', 'NN')","('task', 'NN')",1694,6337,6,1.4218544341727097,0.0027379855167956506,0.000732347110548902
"('group', 'NN')","('aggression', 'NN')",191,6337,2,1.4154919634803456,0.009666922642966133,0.0002915928762502408
"('group', 'NN')","('gang', 'NN')",48,6337,1,1.4132241020245233,0.020028939433218842,0.00015183167194723145
"('group', 'NN')","('identification', 'NN')",433,6337,3,1.4122199524860701,0.006124227171856914,0.0004187753826924293
"('group', 'NN')","('base', 'NN')",773,6337,4,1.4104058281377105,0.004370557200690702,0.0005335062488279465
"('group', 'NN')","('rebel', 'NN')",49,6337,1,1.4042692593715969,0.0196037692630689,0.00015170461439308172
"('group', 'NN')","('participant', 'NN')",1240,6337,5,1.3989836629099133,0.0032282503169897988,0.0006321008055864512
"('group', 'NN')","('atom', 'NN')",795,6337,4,1.398218193399565,0.004227357252307167,0.000530710982636653
"('group', 'NN')","('persecution', 'NN')",50,6337,1,1.395495335064092,0.01919560589564002,0.00015157755683893202
"('group', 'NN')","('manipulation', 'NN')",202,6337,2,1.3911739612814493,0.009096707430279396,0.00029019524315459404
"('group', 'NN')","('product', 'NN')",5179,6337,10,1.3802194283822167,0.0011270998026544532,0.0009212732725228457
"('group', 'NN')","('cult', 'NN')",210,6337,2,1.3743060359941537,0.00871952603819344,0.0002891787827213964
"('group', 'NN')","('leadership', 'NN')",473,6337,3,1.3738467081016241,0.0055383113358926555,0.00041369308052644106
"('group', 'NN')","('behavior', 'NN')",2582,6337,7,1.3727051814982227,0.0019071859041612932,0.0007774504370103804
"('group', 'NN')","('bakery', 'NN')",53,6337,1,1.3701894697993215,0.01806353011757348,0.0001511963841764829
"('group', 'NN')","('action', 'NN')",2646,6337,7,1.362071579577142,0.0018416053310022682,0.0007693187535447992
"('group', 'NN')","('differentiation', 'NN')",217,6337,2,1.3600655968795436,0.008412305661358824,0.00028828937984234844
"('group', 'NN')","('development', 'NN')",4527,6337,9,1.3471398637835081,0.001184236229285051,0.0008461843632820367
"('group', 'NN')","('poverty', 'NN')",503,6337,3,1.3471398637835081,0.005160028269977846,0.0004098813539019499
"('group', 'NN')","('year', 'NN')",5644,6337,10,1.3428783343178003,0.000967970686736927,0.0008621915098432323
"('group', 'NN')","('administrator', 'NN')",57,6337,1,1.3385904837276192,0.0167394648299028,0.00015068815395988407
"('group', 'NN')","('right', 'NN')",2796,6337,7,1.3381242523549806,0.0016996639091170058,0.0007502601204223433
"('group', 'NN')","('morale', 'NN')",58,6337,1,1.3310373458371734,0.016436984389001853,0.00015056109640573437
"('group', 'NN')","('borrower', 'NN')",58,6337,1,1.3310373458371734,0.016436984389001853,0.00015056109640573437
"('group', 'NN')","('unit', 'NN')",1493,6337,5,1.318345540347123,0.002544928244925775,0.0005999552443865755
"('group', 'NN')","('influence', 'NN')",1510,6337,5,1.313428400778979,0.002507222965605538,0.0005977952659660306
"('group', 'NN')","('ether', 'NN')",62,6337,1,1.3020736499018568,0.015324636928229421,0.00015005286618913555
"('group', 'NN')","('party', 'NN')",1569,6337,5,1.2967824044852116,0.002382701812244449,0.0005902988702711979
"('group', 'NN')","('unity', 'NN')",253,6337,2,1.2934048095522552,0.007100850463516444,0.00028371530789295904
"('group', 'NN')","('watch', 'NN')",65,6337,1,1.281551982757255,0.014580219748410929,0.00014967169352668642
"('group', 'NN')","('exercise', 'NN')",587,6337,3,1.280069747591821,0.00430653751989584,0.0003992085193533746
"('group', 'NN')","('technology', 'NN')",1644,6337,5,1.2765035348681169,0.002237313536757384,0.0005807695537099699
"('group', 'NN')","('trust', 'NN')",592,6337,3,1.2763861421165157,0.004263372038610307,0.00039857323158262606
"('group', 'NN')","('faction', 'NN')",66,6337,1,1.274921403858242,0.014347119413187523,0.00014954463597253672
"('group', 'NN')","('herbicide', 'NN')",66,6337,1,1.274921403858242,0.014347119413187523,0.00014954463597253672
"('group', 'NN')","('sulfate', 'NN')",66,6337,1,1.274921403858242,0.014347119413187523,0.00014954463597253672
"('group', 'NN')","('travel', 'NN')",610,6337,3,1.2633780138286685,0.004113835420041235,0.00039628619560793136
"('group', 'NN')","('youth', 'NN')",273,6337,2,1.2603626836873172,0.006521717407359315,0.0002811741568099649
"('group', 'NN')","('comparison', 'NN')",1102,6337,4,1.2564037275402693,0.0028256434327659343,0.0004917043135126932
"('group', 'NN')","('publishing', 'NN')",277,6337,2,1.2540455616636244,0.006415926279400239,0.0002806659265933661
"('group', 'NN')","('lineage', 'NN')",71,6337,1,1.2432069906810355,0.013280110793309641,0.0001489093482017882
"('group', 'NN')","('strategy', 'NN')",2565,6337,6,1.2416804707195628,0.001535165244835867,0.000621679980884508
"('group', 'NN')","('progress', 'NN')",645,6337,3,1.2391481342041677,0.0038469618501609315,0.0003918391812126916
"('group', 'NN')","('hunting', 'NN')",288,6337,2,1.2371328429688422,0.0061401529941069975,0.0002792682934977193
"('group', 'NN')","('experimenter', 'NN')",72,6337,1,1.2371328429688422,0.01308449253782168,0.0001487822906476385
"('group', 'NN')","('conformity', 'NN')",72,6337,1,1.2371328429688422,0.01308449253782168,0.0001487822906476385
"('group', 'NN')","('segmentation', 'NN')",72,6337,1,1.2371328429688422,0.01308449253782168,0.0001487822906476385
"('group', 'NN')","('ammonium', 'NN')",72,6337,1,1.2371328429688422,0.01308449253782168,0.0001487822906476385
"('group', 'NN')","('diet', 'NN')",648,6337,3,1.2371328429688422,0.003825428382774889,0.0003914580085502425
"('group', 'NN')","('liberation', 'NN')",73,6337,1,1.2311424792796548,0.012894233683795737,0.0001486552330934888
"('group', 'NN')","('statement', 'NN')",1201,6337,4,1.2190423146531295,0.002526427127678945,0.0004791256156518723
"('group', 'NN')","('sector', 'NN')",1209,6337,4,1.2161590211952635,0.002504387879952805,0.0004781091552186747
"('group', 'NN')","('setup', 'NN')",79,6337,1,1.1968382481096693,0.011853830782170033,0.00014789288776859055
"('group', 'NN')","('selection', 'NN')",714,6337,3,1.1950096370632612,0.00339747268635918,0.0003830722099763619
"('group', 'NN')","('mobilization', 'NN')",80,6337,1,1.1913753524081672,0.011695602831945233,0.00014776583021444085
"('group', 'NN')","('employee', 'NN')",2058,6337,5,1.1789599776457342,0.0016254519807492544,0.0005281677262919916
"('group', 'NN')","('frustration', 'NN')",84,6337,1,1.170186053338229,0.011100364328212734,0.00014725759999784202
"('group', 'NN')","('side', 'NN')",1362,6337,4,1.1644082144792691,0.002132710382523051,0.00045866934943376966
"('group', 'NN')","('user', 'NN')",1364,6337,4,1.1637709517355754,0.00212840393554601,0.00045841523432547026
"('group', 'NN')","('authority', 'NN')",1396,6337,4,1.153699903768893,0.0020611788613072043,0.00045434939259267966
"('group', 'NN')","('specificity', 'NN')",88,6337,1,1.149982667249942,0.010559238378592377,0.0001467493697812432
"('group', 'NN')","('buying', 'NN')",88,6337,1,1.149982667249942,0.010559238378592377,0.0001467493697812432
"('group', 'NN')","('muscle', 'NN')",356,6337,2,1.1450753327551981,0.004813679134020493,0.0002706283798155393
"('group', 'NN')","('commodity', 'NN')",361,6337,2,1.1390181288224153,0.004735867300343498,0.0002699930920447908
"('group', 'NN')","('tone', 'NN')",368,6337,2,1.1306775120545554,0.004630482989249351,0.00026910368916574284
"('group', 'NN')","('color', 'NN')",832,6337,3,1.1285845225487117,0.0028015491959645583,0.0003680794185866966
"('group', 'NN')","('value', 'NN')",7502,6337,9,1.1277732984640565,0.00039554085231302007,0.000468188139686661
"('group', 'NN')","('situation', 'NN')",2324,6337,5,1.1261692243538552,0.0013473445674442425,0.0004943704168881699
"('group', 'NN')","('division', 'NN')",849,6337,3,1.1198001585954829,0.0027293471339014668,0.0003659194401661516
"('group', 'NN')","('stake', 'NN')",97,6337,1,1.107693605133866,0.009504879446356623,0.00014560585179389585
"('group', 'NN')","('army', 'NN')",390,6337,2,1.1054607237015739,0.004323903262224799,0.0002663084229744493
"('group', 'NN')","('patient', 'NN')",2466,6337,5,1.1004122758124355,0.0012234420919720996,0.0004763282441989115
"('group', 'NN')","('alpha', 'NN')",99,6337,1,1.0988301448025606,0.009296610992603229,0.00014535173668559642
"('group', 'NN')","('bonding', 'NN')",100,6337,1,1.0944653394001107,0.009195600789469073,0.00014522467913144672
"('group', 'NN')","('policy', 'NN')",3605,6337,6,1.09386257111195,0.0008602328150015,0.0004895401245688137
"('group', 'NN')","('care', 'NN')",1604,6337,4,1.0933809581078908,0.0016895936951503592,0.00042792142132954075
"('group', 'NN')","('op', 'NN')",404,6337,2,1.090143965617468,0.004146191753905524,0.0002645296172163534
"('group', 'NN')","('zoo', 'NN')",102,6337,1,1.0858651676381932,0.008999522153848338,0.00014497056402314732
"('group', 'NN')","('screening', 'NN')",103,6337,1,1.0816281146949385,0.008904338347174424,0.0001448435064689976
"('group', 'NN')","('gauge', 'NN')",414,6337,2,1.0795249896071741,0.0040266135576371,0.00026325904167485634
"('group', 'NN')","('profit', 'NN')",1662,6337,4,1.0779543026079432,0.0016025610552516376,0.00042055208318885786
"('group', 'NN')","('state', 'NN')",6695,6337,8,1.07489473203597,0.0003907377434654337,0.00041279315133905647
"('group', 'NN')","('variability', 'NN')",106,6337,1,1.0691594741353403,0.008629562440875146,0.0001444623338065485
"('group', 'NN')","('antigen', 'NN')",106,6337,1,1.0691594741353403,0.008629562440875146,0.0001444623338065485
"('group', 'NN')","('sphere', 'NN')",433,6337,2,1.0600374343747077,0.003814631387372364,0.00026084494814601194
"('group', 'NN')","('training', 'NN')",979,6337,3,1.0579251570362977,0.0022601163335843576,0.0003494019581266898
"('group', 'NN')","('tourism', 'NN')",989,6337,3,1.0535115572422562,0.0022291309708902594,0.00034813138258519275
"('group', 'NN')","('seller', 'NN')",110,6337,1,1.0530726542418858,0.008286508859136196,0.00014395410358994967
"('group', 'NN')","('functionality', 'NN')",113,6337,1,1.041386895916691,0.008045156983977902,0.00014357293092750055
"('group', 'NN')","('enterprise', 'NN')",458,6337,2,1.0356598527242038,0.0035625034171821134,0.0002576685092922693
"('group', 'NN')","('comfort', 'NN')",115,6337,1,1.033767499046499,0.007891251431518191,0.00014331881581920112
"('group', 'NN')","('video', 'NN')",116,6337,1,1.0300073501731921,0.007816288810653093,0.00014319175826505142
"('group', 'NN')","('selling', 'NN')",117,6337,1,1.026279477653949,0.007742607600364732,0.00014306470071090172
"('group', 'NN')","('carbon', 'NN')",470,6337,2,1.0244274727923557,0.003451009113635403,0.0002561438186424728
"('group', 'NN')","('management', 'NN')",2987,6337,5,1.01717012546802,0.0008697341845609131,0.00041013125848691465
"('group', 'NN')","('permission', 'NN')",120,6337,1,1.0152840933524858,0.007528932080315877,0.0001426835280484526
"('group', 'NN')","('ability', 'NN')",1943,6337,4,1.010112521456253,0.0012544656471991534,0.00038484891047279045
"('group', 'NN')","('hygiene', 'NN')",123,6337,1,1.0045602279607129,0.007325679741421678,0.00014230235538600347
"('group', 'NN')","('satisfaction', 'NN')",493,6337,2,1.003678411450843,0.003252482747834734,0.0002532214948970296
"('group', 'NN')","('society', 'NN')",4450,6337,6,1.0024078291864662,0.0005441060465378419,0.00038217649131231204
"('group', 'NN')","('tourist', 'NN')",499,6337,2,0.9984247851046832,0.003203703035343719,0.00025245914957213134
"('group', 'NN')","('element', 'NN')",2016,6337,4,0.9940947942825479,0.0011799130197826285,0.0003755737090198619
"('group', 'NN')","('abortion', 'NN')",128,6337,1,0.9872553697522423,0.007008097929985027,0.00014166706761525495
"('group', 'NN')","('voter', 'NN')",128,6337,1,0.9872553697522423,0.007008097929985027,0.00014166706761525495
"('group', 'NN')","('survey', 'NN')",537,6337,2,0.9665510450285175,0.0029200779086129714,0.0002476309625144425
"('group', 'NN')","('food', 'NN')",3367,6337,5,0.9651622316840597,0.0006807765352052148,0.00036184938791002634
"('group', 'NN')","('mainland', 'NN')",135,6337,1,0.9641315709051046,0.006603004622518246,0.00014077766473620702
"('group', 'NN')","('concern', 'NN')",1229,6337,3,0.9591559659529816,0.0016367483755268099,0.0003176375695892633
"('group', 'NN')","('industry', 'NN')",2187,6337,4,0.9587365390183984,0.0010247580551450493,0.00035384686726026214
"('group', 'NN')","('learning', 'NN')",1231,6337,3,0.9584497959081192,0.0016327822753456939,0.0003173834544809639
"('group', 'NN')","('ancestor', 'NN')",137,6337,1,0.9577447722437039,0.0064948670838535375,0.0001405235496279076
"('group', 'NN')","('compromise', 'NN')",139,6337,1,0.9514505391460156,0.006389841410927279,0.0001402694345196082
"('group', 'NN')","('school', 'NN')",1258,6337,3,0.9490272077301856,0.0015804741424930652,0.0003139529005189218
"('group', 'NN')","('alcohol', 'NN')",567,6337,2,0.9429422718351665,0.002723016919845796,0.00024381923588995133
"('group', 'NN')","('rhetoric', 'NN')",142,6337,1,0.9421769950170542,0.00623785002136214,0.00013988826185715907
"('group', 'NN')","('dispersal', 'NN')",145,6337,1,0.9330973371651358,0.006092147917997725,0.00013950708919470994
"('group', 'NN')","('defense', 'NN')",581,6337,2,0.9323491983377424,0.0026380194212306312,0.00024204043013185543
"('group', 'NN')","('definition', 'NN')",1328,6337,3,0.9255097738074369,0.0014547654596225937,0.0003050588717284424
"('group', 'NN')","('theory', 'NN')",5375,6337,6,0.9203893715797551,0.00031197600390034375,0.00026464825372383397
"('group', 'NN')","('role', 'NN')",3771,6337,5,0.9159488156665282,0.0005216420289342933,0.00031051813603354513
"('group', 'NN')","('research', 'NN')",3849,6337,5,0.9070574369775574,0.0004947645249857918,0.0003006076468098681
"('group', 'NN')","('environment', 'NN')",2492,6337,4,0.9020372840689034,0.0008008738576281263,0.0003150943132446018
"('group', 'NN')","('recording', 'NN')",156,6337,1,0.9013407410456491,0.00560585148073706,0.00013810945609906317
"('group', 'NN')","('trial', 'NN')",644,6337,2,0.8876394633682609,0.0023012622579660657,0.00023403580422042393
"('group', 'NN')","('segment', 'NN')",647,6337,2,0.8856210500593726,0.0022868619976796375,0.00023365463155797483
"('group', 'NN')","('crowd', 'NN')",164,6337,1,0.879621491352413,0.0052931552290854215,0.00013709299566586555
"('group', 'NN')","('team', 'NN')",1476,6337,3,0.879621491352413,0.001228234525660123,0.0002862543537142859
"('group', 'NN')","('combination', 'NN')",657,6337,2,0.8789599611682924,0.0022398108987067627,0.00023238405601647778
"('group', 'NN')","('conference', 'NN')",165,6337,1,0.8769813951862044,0.005256200211955986,0.00013696593811171582
"('group', 'NN')","('rating', 'NN')",165,6337,1,0.8769813951862044,0.005256200211955986,0.00013696593811171582
"('group', 'NN')","('rejection', 'NN')",168,6337,1,0.869156057674248,0.005147974797353502,0.00013658476544926672
"('group', 'NN')","('plant', 'NN')",1517,6337,3,0.8677222680527051,0.00117329735664817,0.00028104499399414794
"('group', 'NN')","('point', 'NN')",4242,6337,5,0.8648346838916053,0.0003743749615000081,0.0002506740280290335
"('group', 'NN')","('instability', 'NN')",172,6337,1,0.8589368924925619,0.0050095469248411136,0.0001360765352326679
"('group', 'NN')","('speaker', 'NN')",691,6337,2,0.8570472833538747,0.0020900234018777636,0.00022806409917538778
"('group', 'NN')","('nursing', 'NN')",174,6337,1,0.853916091117511,0.00494271966899871,0.00013582242012436847
"('group', 'NN')","('consumption', 'NN')",709,6337,2,0.8458790955450066,0.002016540028951964,0.00022577706320069305
"('group', 'NN')","('credibility', 'NN')",181,6337,1,0.8367867645309262,0.0047204543957876,0.00013493301724532052
"('group', 'NN')","('predator', 'NN')",183,6337,1,0.8320142496696812,0.004660073187399115,0.00013467890213702112
"('group', 'NN')","('complaint', 'NN')",187,6337,1,0.8226237328636118,0.00454318548746479,0.0001341706719204223
"('group', 'NN')","('severity', 'NN')",188,6337,1,0.8203074901364309,0.004514740738620966,0.0001340436143662726
"('group', 'NN')","('mission', 'NN')",189,6337,1,0.8180035352268665,0.004486596991329682,0.00013391655681212287
"('group', 'NN')","('extract', 'NN')",192,6337,1,0.811164110696561,0.004403924727278482,0.00013353538414967377
"('group', 'NN')","('technique', 'NN')",1751,6337,3,0.8054217027559893,0.0009089927963069794,0.0002513135263231167
"('group', 'NN')","('hardware', 'NN')",197,6337,1,0.7999991132385178,0.004271733015292256,0.00013290009637892524
"('group', 'NN')","('empowerment', 'NN')",201,6337,1,0.7912692819796218,0.004170714852915476,0.00013239186616232642
"('group', 'NN')","('improvement', 'NN')",809,6337,2,0.7885768091158007,0.0016678432316415896,0.00021307130778572245
"('group', 'NN')","('potential', 'NN')",819,6337,2,0.7832414289676546,0.0016376567661000418,0.00021180073224422538
"('group', 'NN')","('cluster', 'NN')",208,6337,1,0.7764020044373492,0.004003282067610892,0.00013150246328327847
"('group', 'NN')","('movement', 'NN')",1881,6337,3,0.7743190532890568,0.0007905691684266256,0.00023479604428365493
"('group', 'NN')","('location', 'NN')",836,6337,2,0.7743190532890568,0.0015879970855494276,0.00020964075382368038
"('group', 'NN')","('play', 'NN')",841,6337,2,0.7717293349301609,0.001573773361491772,0.00020900546605293185
"('group', 'NN')","('power', 'NN')",5277,6337,5,0.7700182538950247,0.0001430879610509842,0.00011916945948408774
"('group', 'NN')","('parent', 'NN')",848,6337,2,0.7681294784713593,0.0015541419284532346,0.00020811606317388393
"('group', 'NN')","('market', 'NN')",5510,6337,5,0.7512537492203633,0.00010299711168620387,8.956504936720629e-05
"('group', 'NN')","('male', 'NN')",884,6337,2,0.750073065715,0.0014580911247282996,0.00020354199122449447
"('group', 'NN')","('insurance', 'NN')",224,6337,1,0.7442173210659478,0.003659873840171094,0.00012946954241688317
"('group', 'NN')","('classification', 'NN')",226,6337,1,0.7403569002527098,0.0036203666826927095,0.00012921542730858377
"('group', 'NN')","('ethnicity', 'NN')",229,6337,1,0.7346298570602228,0.003562399842322878,0.00012883425464613464
"('group', 'NN')","('resistance', 'NN')",922,6337,2,0.7317944096744439,0.0013648412018840823,0.00019871380416680568
"('group', 'NN')","('reading', 'NN')",928,6337,2,0.728977354509211,0.00135081560593801,0.00019795145884190742
"('group', 'NN')","('analysis', 'NN')",3846,6337,4,0.7135760421535744,0.00023564070441348432,0.00014305838492589975
"('group', 'NN')","('share', 'NN')",967,6337,2,0.7110988566450714,0.0012638915358616793,0.0001929962142300689
"('group', 'NN')","('efficiency', 'NN')",969,6337,2,0.7102015536773078,0.001259622492948992,0.00019274209912176947
"('group', 'NN')","('reformation', 'NN')",243,6337,1,0.7088590658017985,0.003310812522910888,0.00012705544888803877
"('group', 'NN')","('mother', 'NN')",979,6337,2,0.7057426389249353,0.0012385389028161829,0.00019147152358027242
"('group', 'NN')","('design', 'NN')",2208,6337,3,0.7047087797822743,0.0005543350883443338,0.00019324822407670102
"('group', 'NN')","('attempt', 'NN')",988,6337,2,0.701768386140445,0.001219928562308745,0.00019032800559292507
"('group', 'NN')","('opinion', 'NN')",1010,6337,2,0.6922039569454306,0.0011758328372472706,0.00018753273940163152
"('group', 'NN')","('loyalty', 'NN')",259,6337,1,0.6811655753188589,0.003056588412418463,0.00012502252802164347
"('group', 'NN')","('medium', 'NN')",1038,6337,2,0.6803279772156341,0.0011224142313549052,0.00018397512788543975
"('group', 'NN')","('peasant', 'NN')",262,6337,1,0.6761640480803653,0.003012378138159685,0.00012464135535919434
"('group', 'NN')","('exposure', 'NN')",263,6337,1,0.6745095909103529,0.002997865511722926,0.00012451429780504464
"('group', 'NN')","('maker', 'NN')",264,6337,1,0.6728614125302796,0.002983462828652114,0.00012438724025089492
"('group', 'NN')","('position', 'NN')",2398,6337,3,0.6688586700766057,0.0004466625633137676,0.00016910728878825686
"('group', 'NN')","('length', 'NN')",1070,6337,2,0.6671415530428635,0.0010647875680104906,0.00017990928615264917
"('group', 'NN')","('recruitment', 'NN')",269,6337,1,0.6647130593977028,0.0029130556490905095,0.0001237519524801464
"('group', 'NN')","('strength', 'NN')",1109,6337,2,0.6515937845789131,0.0009990512166647928,0.00017495404154081062
"('group', 'NN')","('experience', 'NN')",2512,6337,3,0.6486882137742771,0.0003898758983598397,0.00015462272761519041
"('group', 'NN')","('exchange', 'NN')",1122,6337,2,0.6465324738079306,0.0009781545728453152,0.00017330229333686444
"('group', 'NN')","('competition', 'NN')",1140,6337,2,0.6396204793916006,0.0009500075050373701,0.00017101525736216974
"('group', 'NN')","('marketing', 'NN')",1168,6337,2,0.6290824879516925,0.0009079474474605005,0.00016745764584597797
"('group', 'NN')","('aim', 'NN')",1178,6337,2,0.6253800402769902,0.0008934105282494208,0.00016618707030448092
"('group', 'NN')","('parliament', 'NN')",296,6337,1,0.6231736283411721,0.0025739591510321874,0.00012032139851810434
"('group', 'NN')","('material', 'NN')",2751,6337,3,0.609217258449752,0.00028609650769142146,0.00012425597217341066
"('group', 'NN')","('average', 'NN')",310,6337,1,0.6031036455658381,0.0024213857944560733,0.00011854259276000844
"('group', 'NN')","('science', 'NN')",1266,6337,2,0.5940916250467368,0.0007753875018831726,0.00015500600553930677
"('group', 'NN')","('operation', 'NN')",1268,6337,2,0.5934060771823593,0.0007728955328891397,0.00015475189043100737
"('group', 'NN')","('owner', 'NN')",325,6337,1,0.5825819784212364,0.0022725008878206362,0.00011663672944776287
"('group', 'NN')","('availability', 'NN')",331,6337,1,0.5746373456243921,0.0022167252343714577,0.00011587438412286462
"('group', 'NN')","('determination', 'NN')",332,6337,1,0.5733272556960745,0.0022076252887586953,0.00011574732656871492
"('group', 'NN')","('battle', 'NN')",339,6337,1,0.5642656411970286,0.0021454288884510224,0.00011485792368966696
"('group', 'NN')","('set', 'NN')",1364,6337,2,0.561710960407613,0.0006618743210767392,0.0001425543652326356
"('group', 'NN')","('spirit', 'NN')",344,6337,1,0.5579068968285806,0.002102552614610789,0.00011422263591891844
"('group', 'NN')","('delay', 'NN')",346,6337,1,0.5553892406073342,0.0020857490765685254,0.00011396852081061903
"('group', 'NN')","('manager', 'NN')",1400,6337,2,0.5503972950498351,0.0006241664127410934,0.00013798029328324616
"('group', 'NN')","('world', 'NN')",5667,6337,4,0.5452321094145395,-9.8746164204418e-05,-8.8313421180715e-05
"('group', 'NN')","('sugar', 'NN')",361,6337,1,0.5369581374944529,0.001965657236697362,0.00011206265749837344
"('group', 'NN')","('capability', 'NN')",364,6337,1,0.5333639557510548,0.0019428265750644112,0.00011168148483592431
"('group', 'NN')","('destination', 'NN')",366,6337,1,0.5309842540057,0.0019278140607082552,0.00011142736972762492
"('group', 'NN')","('leisure', 'NN')",366,6337,1,0.5309842540057,0.0019278140607082552,0.00011142736972762492
"('group', 'NN')","('instruction', 'NN')",367,6337,1,0.5297992751480215,0.0019203691617457825,0.0001113003121734752
"('group', 'NN')","('theater', 'NN')",369,6337,1,0.5274389732410504,0.0019056004174277759,0.00011104619706517579
"('group', 'NN')","('verb', 'NN')",369,6337,1,0.5274389732410504,0.0019056004174277759,0.00011104619706517579
"('group', 'NN')","('estimate', 'NN')",369,6337,1,0.5274389732410504,0.0019056004174277759,0.00011104619706517579
"('group', 'NN')","('vision', 'NN')",372,6337,1,0.5239223995182133,0.0018837450537742806,0.00011066502440272666
"('group', 'NN')","('scientist', 'NN')",390,6337,1,0.5034007323736115,0.0017596737365017173,0.00010837798842803196
"('group', 'NN')","('conversation', 'NN')",393,6337,1,0.500072789024684,0.001740100128090788,0.00010799681576558284
"('group', 'NN')","('figure', 'NN')",3595,6337,3,0.49300895412053425,2.9990084505941554e-05,1.7019396471058736e-05
"('group', 'NN')","('cooperation', 'NN')",407,6337,1,0.48487093017489075,0.0016525718931608745,0.00010621801000748696
"('group', 'NN')","('language', 'NN')",3699,6337,3,0.4806235175240416,6.517115010046021e-06,3.805410839489282e-06
"('group', 'NN')","('disorder', 'NN')",417,6337,1,0.47432928442635325,0.0015936499496090187,0.0001049474344659899
"('group', 'NN')","('object', 'NN')",1687,6337,2,0.469410248138948,0.0003811021236902938,0.0001015147752422805
"('group', 'NN')","('disability', 'NN')",436,6337,1,0.45497885013152467,0.0014891444559700646,0.00010253334093714549
"('group', 'NN')","('account', 'NN')",1746,6337,2,0.4544810913585222,0.0003410350138813165,9.401837954744785e-05
"('group', 'NN')","('expenditure', 'NN')",442,6337,1,0.4490430700510189,0.0014580093004355659,0.00010177099561224724
"('group', 'NN')","('property', 'NN')",1773,6337,2,0.4478165951271554,0.00032358846840952154,9.05878255854058e-05
"('group', 'NN')","('response', 'NN')",1773,6337,2,0.4478165951271554,0.00032358846840952154,9.05878255854058e-05
"('group', 'NN')","('productivity', 'NN')",445,6337,1,0.4461053284191791,0.0014427565663585687,0.00010138982294979812
"('group', 'NN')","('similarity', 'NN')",446,6337,1,0.44513048068796884,0.0014377179193572995,0.00010126276539564843
"('group', 'NN')","('formula', 'NN')",11492,6337,5,0.4320097307522385,-0.0003699704529253681,-0.0006704932395563356
"('group', 'NN')","('emotion', 'NN')",461,6337,1,0.4307644140104626,0.001364761317954195,9.935690208340284e-05
"('group', 'NN')","('liability', 'NN')",466,6337,1,0.4260794227101106,0.0013414861571047188,9.87216143126543e-05
"('group', 'NN')","('promotion', 'NN')",468,6337,1,0.4242194863259867,0.001332315342808571,9.846749920435489e-05
"('group', 'NN')","('oxygen', 'NN')",474,6337,1,0.41868699772602574,0.0013052672346045156,9.770515387945665e-05
"('group', 'NN')","('factor', 'NN')",4436,6337,3,0.40171631136231317,-0.00012830326924732156,-8.983600656884414e-05
"('group', 'NN')","('use', 'NN')",4518,6337,3,0.3937616222550914,-0.0001405859673078441,-0.00010025472600911993
"('group', 'NN')","('century', 'NN')",2017,6337,2,0.3918194325153077,0.0001871035988773843,5.9585782372877495e-05
"('group', 'NN')","('image', 'NN')",2026,6337,2,0.3898858897038115,0.00018269786960072162,5.8442264385530145e-05
"('group', 'NN')","('one', 'NN')",2045,6337,2,0.38583201838471254,0.0001735242074258754,5.6028170856685746e-05
"('group', 'NN')","('method', 'NN')",4642,6337,3,0.3820027127195368,-0.0001583361071561683,-0.00011600986272368354
"('group', 'NN')","('system', 'NN')",8354,6337,4,0.37669085112693323,-0.0003260492115578434,-0.0004297170691809752
"('group', 'NN')","('legislation', 'NN')",526,6337,1,0.3734795952463717,0.0010966979666740557,9.109816106367194e-05
"('group', 'NN')","('transfer', 'NN')",547,6337,1,0.35647801306668,0.0010237087023197355,8.842995242652811e-05
"('group', 'NN')","('provision', 'NN')",548,6337,1,0.3556847809157416,0.0010203725535327867,8.83028948723784e-05
"('group', 'NN')","('extension', 'NN')",552,6337,1,0.35252626167091183,0.0010071488296402144,8.779466465577957e-05
"('group', 'NN')","('practice', 'NN')",2215,6337,2,0.3511516001689848,9.844626734537823e-05,3.442838665123569e-05
"('group', 'NN')","('testing', 'NN')",554,6337,1,0.350955574671681,0.0010006085740945827,8.754054954748017e-05
"('group', 'NN')","('confidence', 'NN')",559,6337,1,0.34705353151368745,0.0009844626774434574,8.690526177673163e-05
"('group', 'NN')","('day', 'NN')",2241,6337,2,0.346083474193012,8.79677976416256e-05,3.112489024334334e-05
"('group', 'NN')","('awareness', 'NN')",561,6337,1,0.3455024781439494,0.000978084901814413,8.665114666843222e-05
"('group', 'NN')","('hospital', 'NN')",563,6337,1,0.3439569445487645,0.0009717524375270559,8.639703156013281e-05
"('group', 'NN')","('making', 'NN')",565,6337,1,0.3424168915806722,0.0009654648033989949,8.61429164518334e-05
"('group', 'NN')","('teacher', 'NN')",566,6337,1,0.34164890821183935,0.0009623376491348969,8.60158588976837e-05
"('group', 'NN')","('term', 'NN')",5141,6337,3,0.33766024497240177,-0.00022111621356138856,-0.0001794115822443869
"('group', 'NN')","('revenue', 'NN')",572,6337,1,0.3370693106070866,0.0009438043322724466,8.525351357278546e-05
"('group', 'NN')","('ring', 'NN')",582,6337,1,0.3295423547502223,0.0009137646210755693,8.39829380312884e-05
"('group', 'NN')","('number', 'NN')",5480,6337,3,0.3099272903550665,-0.0002572496706280265,-0.00022248409310113727
"('group', 'NN')","('chance', 'NN')",613,6337,1,0.3070048648816957,0.0008268697667202382,8.004415385264751e-05
"('group', 'NN')","('colony', 'NN')",618,6337,1,0.3034768643112949,0.0008136708630693864,7.940886608189898e-05
"('group', 'NN')","('host', 'NN')",638,6337,1,0.28964466067894845,0.0007629439620901647,7.686771499890486e-05
"('group', 'NN')","('test', 'NN')",2594,6337,2,0.2825553589800119,-3.351696833752229e-05,-1.3726426371502866e-05
"('group', 'NN')","('origin', 'NN')",651,6337,1,0.2808843508319188,0.0007316428254633228,7.521596679495868e-05
"('group', 'NN')","('adult', 'NN')",652,6337,1,0.2802177436681906,0.0007292867443214382,7.508890924080897e-05
"('group', 'NN')","('motivation', 'NN')",657,6337,1,0.27689996984033005,0.0007176139175615581,7.445362147006045e-05
"('group', 'NN')","('violence', 'NN')",695,6337,1,0.25248053480999694,0.0006343889419219793,6.96254344123716e-05
"('group', 'NN')","('picture', 'NN')",708,6337,1,0.24443208171034175,0.0006079680717740809,6.797368620842543e-05
"('group', 'NN')","('velocity', 'NN')",710,6337,1,0.24320699068103552,0.0006039891931886379,6.771957110012602e-05
"('group', 'NN')","('function', 'NN')",2882,6337,2,0.23683135425010268,-0.00011059389224109327,-5.0319001966618224e-05
"('group', 'NN')","('strain', 'NN')",728,6337,1,0.23233396008707358,0.0005691630240674954,6.54325351254313e-05
"('group', 'NN')","('construction', 'NN')",742,6337,1,0.22406143412108367,0.0005432441153523349,6.365372936733543e-05
"('group', 'NN')","('service', 'NN')",3019,6337,2,0.2166622177049754,-0.0001420994002910383,-6.772588688512798e-05
"('group', 'NN')","('molecule', 'NN')",756,6337,1,0.21594354389890424,0.0005182851132523747,6.187492360923954e-05
"('group', 'NN')","('balance', 'NN')",768,6337,1,0.20910411936859874,0.0004976158981395589,6.035023295944307e-05
"('group', 'NN')","('peak', 'NN')",788,6337,1,0.19793912191055546,0.0004645660549681391,5.780908187644894e-05
"('group', 'NN')","('variation', 'NN')",794,6337,1,0.19464483697301455,0.00045497575295000447,5.70467365515507e-05
"('group', 'NN')","('novel', 'NN')",797,6337,1,0.19300701800399842,0.0004502347469860673,5.666556388910159e-05
"('group', 'NN')","('issue', 'NN')",3532,6337,2,0.14850463582254222,-0.0002383714251943278,-0.0001329064121639272
"('group', 'NN')","('hypothesis', 'NN')",887,6337,1,0.1465417195683844,0.00032291612569330713,4.523038401562804e-05
"('group', 'NN')","('category', 'NN')",912,6337,1,0.13447050107169461,0.0002920090842471533,4.205394516188539e-05
"('group', 'NN')","('memory', 'NN')",914,6337,1,0.1335191436662794,0.00028960955560658605,4.1799830053585975e-05
"('group', 'NN')","('series', 'NN')",925,6337,1,0.1283236066610782,0.00027659760936922637,4.040219695793921e-05
"('group', 'NN')","('contract', 'NN')",973,6337,1,0.10635249913175888,0.00022326085446409722,3.4303434358753324e-05
"('group', 'NN')","('existence', 'NN')",1053,6337,1,0.07203696821462424,0.00014517106979061527,2.4138830026776848e-05
"('group', 'NN')","('procedure', 'NN')",1118,6337,1,0.04602353584970631,8.995119655706989e-05,1.5880089007045946e-05
"('group', 'NN')","('interpretation', 'NN')",1133,6337,1,0.04023542953671359,7.810781456859856e-05,1.3974225694800345e-05
"('group', 'NN')","('life', 'NN')",4566,6337,2,0.03698942357385671,-0.0003667083774608774,-0.00026428392315472327
"('group', 'NN')","('component', 'NN')",1191,6337,1,0.018553577917333308,3.511991922965497e-05,6.604887554117393e-06
"('group', 'NN')","('author', 'NN')",1226,6337,1,0.005974869217714572,1.1146466483541429e-05,2.1578731588776934e-06
"('group', 'NN')","('investment', 'NN')",1268,6337,1,-0.008653914145603063,-1.5874976008688397e-05,-3.1785441154099574e-06
"('group', 'NN')","('input', 'NN')",1295,6337,1,-0.017804429017159822,-3.232049510814856e-05,-6.609098077452034e-06
"('group', 'NN')","('phase', 'NN')",1348,6337,1,-0.03522455279919022,-6.268691895233995e-05,-1.334314844738646e-05
"('group', 'NN')","('money', 'NN')",1349,6337,1,-0.035546610271793455,-6.32369393909326e-05,-1.347020600153616e-05
"('group', 'NN')","('degree', 'NN')",1354,6337,1,-0.03715332494901473,-6.597485727965872e-05,-1.4105493772284685e-05
"('group', 'NN')","('purpose', 'NN')",1388,6337,1,-0.04792412671872528,-8.406967274096394e-05,-1.8425450613374685e-05
"('group', 'NN')","('success', 'NN')",1452,6337,1,-0.06750127696396413,-0.00011583207181352893,-2.6557134078955888e-05
"('group', 'NN')","('capital', 'NN')",1479,6337,1,-0.07550283459678164,-0.00012840754230509198,-2.9987688040997938e-05
"('group', 'NN')","('conflict', 'NN')",1480,6337,1,-0.07579637599484657,-0.00012886449076357118,-3.0114745595147664e-05
"('group', 'NN')","('choice', 'NN')",1519,6337,1,-0.08709243446267552,-0.00014621630342561808,-3.506999020698619e-05
"('group', 'NN')","('meaning', 'NN')",1546,6337,1,-0.09474415018219531,-0.00015771637864554647,-3.8500544169028266e-05
"('group', 'NN')","('context', 'NN')",1638,6337,1,-0.11984855802428884,-0.00019405569752052132,-5.018983915080122e-05
"('group', 'NN')","('flow', 'NN')",1747,6337,1,-0.14782756558282012,-0.00023215759859760213,-6.403911255311917e-05
"('group', 'NN')","('character', 'NN')",1752,6337,1,-0.1490687624319511,-0.0002337916991734481,-6.46744003238677e-05
"('group', 'NN')","('essay', 'NN')",1818,6337,1,-0.16512853948583786,-0.00025451969245377816,-7.30601988977483e-05
"('group', 'NN')","('output', 'NN')",1869,6337,1,-0.17714396197872123,-0.00026953442972253933,-7.954013415938332e-05
"('group', 'NN')","('impact', 'NN')",1885,6337,1,-0.18084601514170087,-0.0002740775645309894,-8.157305502577862e-05
"('group', 'NN')","('table', 'NN')",1910,6337,1,-0.1865680278476167,-0.00028102388815408753,-8.474949387952128e-05
"('group', 'NN')","('report', 'NN')",1914,6337,1,-0.18747659404071393,-0.00028211846655503195,-8.52577240961201e-05
"('group', 'NN')","('solution', 'NN')",2145,6337,1,-0.23696195712063226,-0.0003384076422834634,-0.00011460801910470218
"('group', 'NN')","('labor', 'NN')",2172,6337,1,-0.2423944815166985,-0.0003442057107377729,-0.00011803857306674428
"('group', 'NN')","('concept', 'NN')",2354,6337,1,-0.2773411191073051,-0.0003798206280442222,-0.0001411630479219908
"('group', 'NN')","('stage', 'NN')",2403,6337,1,-0.2862884314037893,-0.0003884879874814222,-0.00014738886807532634
"('group', 'NN')","('cell', 'NN')",2633,6337,1,-0.32598551970595735,-0.0004248630632586591,-0.00017661210552975874
"('group', 'NN')","('health', 'NN')",2646,6337,1,-0.3281245004513713,-0.00042673035311868615,-0.00017826385373370494
"('group', 'NN')","('water', 'NN')",2687,6337,1,-0.3348023270330576,-0.00043250122954633844,-0.0001834732134538429
"('group', 'NN')","('production', 'NN')",2729,6337,1,-0.3415381962697857,-0.00043823319292004724,-0.00018880963072813055
"('group', 'NN')","('war', 'NN')",2759,6337,1,-0.3462863610790747,-0.00044222068702278177,-0.0001926213573526217
"('group', 'NN')","('history', 'NN')",2957,6337,1,-0.3763859851260068,-0.00046651049642423576,-0.0002177787530742635
"('group', 'NN')","('line', 'NN')",3139,6337,1,-0.40232597629993155,-0.00048613689147587275,-0.00024090322792951
"('group', 'NN')","('rate', 'NN')",4370,6337,1,-0.5460160975703111,-0.0005760025648772016,-0.00039731107708779824
"('group', 'NN')","('change', 'NN')",4815,6337,1,-0.5881309520604425,-0.0005971966940824843,-0.0004538516886844174
"('group', 'NN')","('model', 'NN')",4828,6337,1,-0.5893019220252007,-0.0005977572395597058,-0.00045550343688836355
"('group', 'NN')","('order', 'NN')",6589,6337,1,-0.7243541681474256,-0.0006532943416414797,-0.0006792517897459959
